58491
47671
57831
35798
712
14339
2898
53049
60023
61396
63860
58802
50538
13583
28461
52394
12676
15952
35595
48162
51322
33668
19750
35943
16419
27043
29225
58850
17993
58553
31187
10948
40689
23482
46747
41401
37822
49645
28914
32309
45505
27238
25576
30508
40821
54037
17366
53498
4453
52962
36124
55775
21094
55875
26182
37513
17382
55407
30828
35375
48425
62015
46323
23578
19961
27534
64979
57783
11643
28358
24557
57149
55596
50133
22121
30882
38634
39487
18844
43087
26913
54968
33326
48007
45307
59508
19985
62689
49380
50813
32528
32269
47292
13316
55847
1717
40850
55290
59501
52494
18112
18522
44107
8173
3119
692
39055
41753
40179
57899
19304
1557
47331
52630
49564
27103
46602
4013
24256
30446
54826
56785
62715
36582
4565
53026
38300
45415
42781
32265
32373
60893
50787
10944
3530
53906
11636
42585
30123
51816
34948
49427
53373
16744
36521
37401
43847
17587
41415
2567
48034
30705
59352
45213
1752
63917
32704
40052
43797
9949
6781
10634
5306
57568
21579
8837
45938
33215
51422
10525
19495
20835
59952
7332
37579
30937
44734
15890
48524
20613
18457
31022
51318
12274
10700
53070
10655
43404
27586
54452
53353
34367
65087
58659
26399
21130
1960
6801
54345
53383
17326
8305
8682
11742
15637
46261
42679
60371
62151
25668
15448
15072
56690
1231
27346
1854
54301
38002
45258
16352
26918
33075
50719
26469
26199
11583
47599
28159
18384
36409
16006
35711
44714
24688
47453
60351
5413
24597
55187
2028
50265
5099
17101
41419
6330
44447
43274
60632
16913
22996
11448
43832
56072
62167
4765
16735
8214
52365
44894
26599
23238
60901
62310
2416
20053
44227
62767
25467
3288
52418
27495
53553
57518
44596
29437
63848
23508
7175
58944
40421
30171
4856
18717
20707
1488
23483
37442
9702
10312
16801
36301
33550
12166
33075
35966
32219
11767
33197
57686
15055
20080
19646
3073
12062
64242
32510
10374
22214
39685
3783
62636
4320
8639
15817
25028
10127
39300
62470
19830
49612
13735
56131
17626
25901
23671
53592
58121
35438
21254
50271
50493
41334
4381
53566
53396
3088
20540
63770
25302
60225
2017
22402
64546
10657
38220
24038
20784
11984
20972
40614
61597
34708
31210
13687
60609
54881
1744
53194
24783
22998
37930
9740
64332
42311
63307
52192
45399
18311
50426
5166
13001
52444
27568
12011
63101
252
36049
18349
12237
57021
58964
8298
26193
24638
21985
21267
13983
23729
8925
38766
46727
46855
48506
45523
23631
46277
32179
3494
64589
17070
8660
12054
3978
36229
24065
1543
36481
60114
19892
48718
51599
13320
57016
12257
37958
13466
33524
51941
37195
42449
25171
18387
23769
8142
63910
47400
54419
30554
50894
53472
47624
59555
65526
51602
30248
24055
53145
1193
18633
7501
49912
4697
20822
41392
16954
58780
54858
50478
45186
26518
27391
4821
44905
51160
12963
43279
33024
1847
8297
18383
55319
55921
12402
55310
41987
42650
13829
29596
43843
32463
37098
28219
37160
57920
4076
54114
51164
58934
39056
30814
19916
911
35636
64821
52072
48599
42565
19560
50446
50862
37943
40230
41248
50345
30004
17699
27459
43833
47296
5767
10760
18858
33986
47920
11242
38062
36498
62406
31461
10018
27685
51377
10930
63321
50663
63002
46384
27692
17026
31295
13018
54970
5989
54266
39779
35993
6430
1703
14290
53726
7470
25051
7048
41456
7435
18290
13983
43934
15160
45444
53952
42845
31285
64882
40630
16412
62348
21479
44104
13839
52774
57123
3273
58763
45853
43052
29220
52283
44755
43510
40473
52225
3025
47521
28146
10461
275
42129
54395
15436
22037
42811
58281
53322
42158
33376
4199
38970
54855
48303
52809
42093
39890
56082
35320
20208
33599
64540
6955
12818
42514
47429
65044
45540
29414
27654
56001
29690
4247
44860
45126
26284
22135
37871
14070
64293
5711
18269
37728
60566
1037
25001
37123
40927
15548
6907
61135
49147
5911
2555
61965
48426
49984
61473
28430
13862
23591
18895
43552
27838
63755
23142
54122
20354
61014
2657
19112
1189
20926
56840
61756
21963
16305
33343
62891
31853
40251
58490
15464
46162
61045
11894
29052
45493
7831
57482
59356
31423
10841
37372
59261
9060
60515
47848
29415
55993
50505
48527
57182
5895
39831
53402
27859
56136
21210
25214
22454
61461
18168
37918
42087
13678
49812
5604
59171
57644
63086
52991
23531
8392
24828
17256
17452
19807
65104
46867
10264
50073
29858
1910
55969
4153
55313
18292
60290
10987
43506
17208
6912
61674
55126
48999
9816
39403
54603
3452
31511
52154
56443
55042
60546
15735
6762
12462
35542
6331
59330
45806
56404
23652
47717
46837
27806
37494
65129
22560
48481
43099
39768
55393
39238
29358
38856
49054
3225
27924
52506
34736
14542
43414
24242
9552
59149
31005
22014
29156
37336
15808
9426
28204
39461
57143
9506
1731
29101
9099
24291
12046
52199
64059
1903
25901
27881
40760
9419
31107
3148
61926
307
17690
39804
24550
27242
33417
55555
49256
62573
27355
65065
6464
55559
38990
63607
65065
40721
27173
8629
65012
39219
60828
63535
41123
21193
25880
16347
30612
56987
19495
27002
57295
37185
1270
16309
64427
34688
6328
48147
31725
33683
47676
38189
23706
21130
36261
23236
61851
63434
31865
61327
37117
27157
59326
12704
48350
19671
29051
13426
11122
48546
40429
2881
20195
41699
19190
19086
10851
25518
1698
42577
59201
49374
15230
17372
4969
51491
40608
1284
49389
6937
62612
20971
34094
56402
33675
16908
10537
62727
30334
21660
45737
5227
24541
397
46927
43732
19483
57778
3714
21181
34819
62916
5020
50050
14752
9989
36005
55360
11273
19859
62297
8349
40830
30855
64752
8969
47763
9753
6160
12561
31413
51898
17789
55955
52295
64716
34151
6242
56958
37865
27424
26242
35245
32444
10756
49997
42433
46761
39821
53706
1084
36582
62056
41914
1901
61272
50884
49664
5489
57044
62226
36903
43406
14479
27322
30165
13659
61473
36408
5081
33802
63832
31323
3512
30740
42079
53509
7637
23305
27795
61343
24389
64377
57863
768
743
53599
51652
50407
59089
43160
47097
30456
21031
61576
57778
51196
9699
53715
22068
14781
21981
20364
46104
25493
51104
22648
13467
58741
45953
41262
54549
4806
40103
46876
5574
40846
34940
57226
25718
28493
34851
7279
58949
55882
3320
51191
41542
13019
39370
63611
